8383001
8383001
8383001
8383001
8383001
8383001
8383001
8383001
8383002
8383002
8383002
8383002
8383002
8383002
8383002
8383002
8383003
8383003
8383003
8383003
8383003
8383003
8383003
8383003
8383004
8383004
8383004
8383004
8383004
8383004
8383004
8383004
8383005
8383005
8383005
8383005
8383005
8383005
8383005
8383005
8383006
8383006
8383006
8383006
8383006
8383006
8383006
8383006
8383007
8383007
8383007
8383007
8383007
8383007
8383007
8383007
8383008
8383008
8383008
8383008
8383008
8383008
8383008
8383008
8383009
8383009
8383009
8383009
8383009
8383009
8383009
8383009
8383010
8383010
8383010
8383010
8383010
8383010
8383010
8383010
8383011
8383011
8383011
8383011
8383011
8383011
8383011
8383011
8383012
8383012
8383012
8383012
8383012
8383012
8383012
8383012
8383013
8383013
8383013
8383013
8383013
8383013
8383013
8383013
8383014
8383014
8383014
8383014
8383014
8383014
8383014
8383014
8383015
8383015
8383015
8383015
8383015
8383015
8383015
8383015
8383016
8383016
8383016
8383016
8383016
8383016
8383016
8383016
8383017
8383017
8383017
8383017
8383017
8383017
8383017
8383017
8383018
8383018
8383018
8383018
8383018
8383018
8383018
8383018
8383019
8383019
8383019
8383019
8383019
8383019
8383019
8383019
8383020
8383020
8383020
8383020
8383020
8383020
8383020
8383020
8383021
8383021
8383021
8383021
8383021
8383021
8383021
8383021
8383022
8383022
8383022
8383022
8383022
8383022
8383022
8383022
8383023
8383023
8383023
8383023
8383023
8383023
8383023
8383023
8383024
8383024
8383024
8383024
8383024
8383024
8383024
8383024
8383025
8383025
8383025
8383025
8383025
8383025
8383025
8383025
8383026
8383026
8383026
8383026
8383026
8383026
8383026
8383026
8383027
8383027
8383027
8383027
8383027
8383027
8383027
8383027
8383028
8383028
8383028
8383028
8383028
8383028
8383028
8383028
8383029
8383029
8383029
8383029
8383029
8383029
8383029
8383029
